10010001000010001101001011010000100000110100100000011100001000101000000000000101110010100000001001100
00001011000000001101001001000000100000000000010001001001011000000101000011100001001010001001100000110
00001001100010010100100000000000000000101101010001000001001000000000010000110001010010110000011110000
00000100011000010110100110100001100000000100001100001011000100000000010001100000110000101000101110011
00010000100100000101100100001111101101010110101001100010000010000111001000000100100100100010001011000
01010001100000000110110101101010100011011000100001000011001010000000000010000000010110000000011000010
10100000000010110001100010000000111010100011100100000000100000010001100000000100000000000100101110011
01010000100010110000011100000100110010110001000100000001111010111001011110000110000001001110000101000
00001100101010011001010010110010001010111100000000101000010000000000000000010100000000100000001001000
00000110000000110011001000111001000010000110011000010000110001000100100011000010101011100101000000101
00001100000100101011000001100000000010000010001001100101000100100001001100011000100000010100011011000
00000010001000010000000001000010101000010100000000110101001110000000001001110111001001100101001010000
10110010100100000010100011010100010000010100001001000000100110000001110101000111101000001001100100010
00010111100100000000000000100010111000000100000100010000000000101000000001001000001000000001100000001
01010000000100010111110001100000000001000000000011000001010001000001001010000001100000010100001110101
11100001000111000000000000100100111100011111010010000100010010010010001011001010011110010000000011001
00101000110000000100001001000000010000010000100000000010110000000010100111100000000000000010000100001
00000000001000010010001100111010001110010000000010000011101100001001000100000001000100010010011000000
00000100100000000000000110001100110000000000000100000011110010000100000000101000010011010011001001000
01010001111110011100111011000010001101000111000000010000010101000001011100100111100100011100010101100
00000100110010000111000001010000001100110010111010000000000110001000000010000000100000010010000011000
00000001000000100100000000010100010000000100000000000011000001011110000000011001000001100000000100011
01000000000101000010001101000100000011010110000100010000110000000001111000000100101001010000001101010
00100111001101101101001010010000010100000000101000000101111000010000111101001100000010011011010100101
11001111101001000010001000100000011001100000001100000100000000001011001010001011000000001001000000011
11010001000000000111001010001010000000011010001100110110000000100010110100001000000101110000000001110
10001001001100100001101100011000000010010100000000000100100100100000110101000001000001100011000010010
00100000000000000101010111000100000001101000000110011000000100000101010100001110010010011010000010010
00000001111001000000001111011000100100001010000010000000110100000010000000000000000101001100000001010
00000000010100000000110001000000001100000001110001001001000000100000000000000010010000000000000001011
10000001010010000000000000000000010110000001010011011110001011100000100100000100000110100000000000000
10100001000010001100010010000011100001000100000110100000010010010110000011000110000000111000110100101
00010010000111001000110011000000100100101001001010100100011010000000000000010000010101111000000000010
10010100000110110000000111000001001001011101001000010010000001000001001010110010000110011110100001100
00101010011000000000000010010100000111000011000100010001000000110010001100001110000100001001110110100
11110000000100010100010001000001100000100011000100001000001100000001111000101001000100000000110011001
10000000101100010100000010001010010000000011000100100000001000110000100000010000000101001000000100111
00110010001001000011010101000001001000100000000011011001001001011000010010000010110000000000101100100
11100011000000001101000101111010101001110000000010011010000100001100101100100100101001001101001010000
01000110100100100001010010100100000010011011000011000100000000110000000010010000101000001100100010111
10101001101111100001000001000001111110001010110000101110000011001100110110110000010100000100010100000
00100011001010001001110011000000000000010000100110000001000000001100101010001001110000000111001011000
10000011100001100011101001001000100010101000010000011010000000010000100100000000100010000100101110100
10000000100000110000000001000000000001010011100001000010000001000000001000000001000000010010000000001
10100111111011101001100000101000000001000000111010011100010000100001000100001000000000010100000010110
10010011011000100000000000010100010110010010110011001010000111000000000110001011001000001100010011100
00010010001101011101000001000010101100110100000000000010001010000000000110100100100000001101010111001
11100101000011000010100100000000000110000011000000100101100010001001000100010001001100001100100000000
00010000000000010000001010101000101101001100100110001011011000000001111010000000011100001000000110010
01000000100100001000111011001101010000101100110001000001000011001100010100100010000001100001101110000
00111001000000100001000000100100100100000000000000000010001010010000000000000100000101010010010001100
10001100001000010001110001000001000001000100110110010001000111010110111010110110011000000110010100000
01110010101000001110101101001001010010010000000001100000000100100100100000001000101100000100011000101
10001101000001001010010010100010010000001000000111001110000001000000100010000101000100001001000001000
01010000000011001000000000010111011010000000010000111001000001000000101000010100010001000010000000000
00000100110000010101000000001011000011110001001101100001000000000010000100010000001000000111001000100
00111001000101000000000100100100110011000000010000111010010010010011111110100010100111101101010000100
00110011000000000000001000010010010010100000100000000000011110010100010010010000000001101000011100101
01000000010011001001100101100000000101101000000000001110000010100010000100001000100011111000000001101
01001000011110001100101000100011000001000010010100101010110000000111001000000000111100001010010000110
00000000000010001101000011100011000000000000000000000110000000000110010000111010011010110110010100000
00100000011000000110000011000000000100000100100001101001000001011000101111010000001010100001100001000
01010100000000101011011011000111001100001101100000100000001010001000001100011000000001100001000000000
00000000101010100001000000000101110000001001010000001010010010001001000000000010110000000010001100000
00000000110101000010100011000000000000011100000010100000001100011101000100101010101100010000000001001
10001110111001010000100101000100111011100001100100000010000001000010010010000001000100010001000000010
00000001100000100000011011100110000100001000011011001001111000000011011100011011001100110000001011000
11010001000010100010110100000101110100000110000010000000010000111000011001000010010111100000011001010
00101010000110010000000100000000000001010001000010001111001111001000000010001001000100110000100011111
01000000000010000101110000000010000001110001100000100000001000000000110000011000000011001101010000101
00001100010000000001000110001100000000100000000100000000000110010010000100100000001000001010000100010
01000010000000100010101101000100001001111001001000111000000000101011001000000000001101111000110000000
00010110001000010010010101100000000000000000011001000100011100100000000010000111001010000010000011010
10001001111000000001000010101010001000000110000000100101001010000000100000100000101011100010110000110
10100101100000100010000000101001100000000001011000110001010010010011000100000000111000001001000001000
01001011101011000110010100001101010100000000000011101100101011100001100001100000010000010100000000010
00010100100000000000100000100001000111101100000000010000000000001000010010101000101000000110000100000
01110010000010100100001000000000000000000000001100100010111000000000001001010001000100010101101000100
00000001001000110001100010000000110010010111010110100100000011101000000000001001010110010000000010001
00001010000011000001101100000000000100010110000010000000000000000011000000010011100000000010010000100
00001001110011000110000000101101000000010010001010100000010000101000001111001000100000010111000000110
01010100010110010001101100000001000001001110100000000011001000100010101100000101000000101000000010010
00010100000001110000100101000000000000100001000110000000000100001010010000100100000100000110000010010
00100000101010000001110010010000100101100010000000010100000000000000001001000101010111000011001000011
00000000000100000111010001001000100000001001100001010100001011100000101100011000000001001000011011000
00100000010010000100001001110110111000111011000100000100001000000001011101011001000100010001000000000
00000001100001101101001000001000100001000010101001000101001000100000000100000000100000111001011001000
00000000000000100010001011010000010100000011110100000010000000100010000010010100100000001000000000001
01100000000000000010101100100110011000000010001111010100100000101000001011010100000010010000000001011
00000000010000010000010001000111100100001101000001001000010000000010100000101000000000000001000001011
00000010000000011011010100100000000111000000010000010100010111000100000000011101010001001000010001110
00010100010111010000100101001111011100111000000000101010100110100000100000101010011100000001100110100
01011000011000110101000010010000110001110100100100010001000000101000000000101100000000101001010100101
10000000111001100101010000000000000001000000000100100000000001010100001101001011010100010000100010000
10010000110001010010101011000000000100001110010011110000100000000100000001100011000001000010001010100
01110110100001001000100010000110100100011001000100101000000101001010011000000000001001001000001100000
00000000100100100100010000000000011011000100000000000100010101000010001000000000100100011010001110000
00000101110001001001011110000001100010000100110000000100000001001110010100001001000101110100000111010
10000000011010000010010010000000000001110100000111010011000101000010100010100000010000101011010001000
00100011011000100101010101001100100000110001000000100101100000000001000000000000000110001100011100010
01000010101001001000000110000100101000010100010110010011010000001000100110000010011000011000100000011
