10000011000000000001011110001000000001010000000001000010000000000000000001100001000100110000100101110
00000010001000100000000100010001100001111010000100001000011000000010010001100001110000110000000010101
01000100111010000101001101101000000101000110111000001100010101111100011000110000101010110000001100000
00000011010000000110100010000100000000100100000011100000000100010000000000000100000100110101011000001
00010001011000110000111100000010100001000001011000000001000011000111001011000000000010100100010100000
00000000100000001000100000000000010010100000101101111100000101000000010000100000110000010000010000011
10011000000001100011000000001000010000010110000000000011110010110000110000000001100001110000000010101
10000000100000000010110001101000100000001010000110101011001100000000001000010001111100000000000000000
10000100010000000111110000100000111000001001000011000110011000000001010101100000001000000011010000010
00100010001111001100010000110010100101101000000001000100000000010100000100001000100000010100000101000
01000000000001010011000001001000000000001000101100100000000010010101011101100100000010010000110100000
11001011000110010001001100100011000001000100110100010110100110001100000100011000010001001010110111000
00010011001001011110011000000101000000000100000000000010000000001100111011001010001100010001100001000
01100011100010100110100001000101000001100010010000101001000000011101000101001010000000100010000000000
10100101001101000010010111010000010101010110000010010000010000000000010000100110100100000100000010100
00000010001001001110101100100101100001000000010010010010000110000001010000000100001100010101100000010
00000110010110010000001000010110000010010001000001010000000000010001100011001000100001001011000000000
11011101110011100001110010001000011111001010100000000001001010110100100000000000000011000000111001010
00001000010111000000000110000010010000000000000001001100001001000000001010000010101000110000010000010
00100000001010100010000100000000000000000000000000100010100110100111000000000110000001011001101000000
00001001111000101101000100100110000000011000100011001000101010101000100110001000000010010100011100111
00110000100010101000101000000001100001100011100100101000100100010010000010000001000010101100000000000
01001101000000100100110000001000000000000001001110001000011000000010010001110011101110100000010000000
01000000000010000010001000000111110000001110010100100000001100100100010100000000000000110000000100100
00001000011001000000010100011010001001001110100001000101101010100000000010000000011001011100110010001
00100010010000001000000101000000100000101001000000001101001101001101001010000101111010100101101001000
00101001000010001011000100001000110100100101100010010000010100000010110111010000101100100000101000011
00110010001010000100000110001000110100010000100000011010000001010000001000010010110011000001000011101
11100011000001010000011000111100000110000000010000100010000111101000100110100010001001000000010000001
10000000001000001001100100001000000100001010010001101001111000000100100100000000000110000100000101110
11110001100010110010000110011100000100100010000000100000100011000001000000000000111000010110011111000
10000001100011100010100110010011011000010000101001001010110000100000001001010000100000000001010000100
11100100100100011000001110010001101011000100010011111001001000000000100001010000010011000000100100011
10000010010001011001000000100000011011110000100001111000000000001000111000001100100000110010000000001
10001000000010100000000101100010100010000000000001000010111100010100000000000010000100010001110000010
10011100000001001011010000100001100100100001000100110000010100100000001000000010110011100000010100101
00000100110011100101100010011100100000010100001100000100100000000010001011001000100000011000101010100
00100100000001001000000000000100110111110001010011001001000100101010001011000000000000010010000000100
01001000110101000011001111011000010011010110000000000110101000100100000001010010010000000000000010100
01000000000010000010110000000010001000000001010000010100100100000011001100000010001000100000010001001
10000000000100000000000010000101000010110000000011010001011000100000001001010000001110001000000101001
00000001010001000000000101001001000101000001011011001000000011100001001100100100000001100111000111001
00000010011010001110110100010000000010000000101100000001001101111001010100100001000000010000000110100
11010100111000010000000010000001110000000110000001000010010010100000001110110000000000010001010001001
00001010101001000000100100110000101101000111010000000000010100001100101000000000100110010000101001111
01111100010000100000101111100010010110000010011001010111001010100000100100011000001100000011001011100
00100000001010011011110110000011001001010101000010010000000000000001011000011000001111101100110000100
10000111010000110000000001010110000011001010000001111001001010100010111010001001001001000010000100110
00110001001000000100011000001011110001000000000101000000011000000001101000000001100110000010001000001
00000100110101101000001001001110000000001010000010000011000000010010011000000000110000001000100100011
00100000100101101010000001011001000000110001000001000010010010010101010100100000000010111110000011111
11101010011101111000000001000001011000010001100010000000010000010001000010000110000001100110100000011
01000000000110001010000100010001001010010010000011000011011010000001000001001010000001110011000001100
01000001110000100000011101010110010100000010001000000000000100010000001100010001001010011001010100000
00101000100100110100000000000101100001011110001010000000000000101000000000110011100010101000000001000
00001000000010000010000000000000001010000010100010000011110000000010000000110100011001010001000111101
01111101100101001000111000010100010000000100101010010000001010001000111001001000100100000000010001000
00101010001000001010011110010011001001001000010000000010000001010011001100110000001000101010011100000
01100000011001011001111100011100000000100001000011100001011010000000000001100001000000100011000000100
01011011110100001000110100000000111000100001100010000001100100010010011000010000000011001000000000001
10011000001100011011000001110101000000100100011000001010100001000001001110000101100101001110000010100
01000010001001001001010001010110100000101000010100000100100001000001100110110000100000011010011100000
00001000010011000010000100010000000000000110100000100111011000000001000000000111100100010100100010001
00001000010110001101000010001001011100110100000001000100000011010001011110010000001010000000100000000
00000001000100000001000011110001100100100011100010010000000000011001000001000100000000000000000011000
11000001100000101100000001100000100000100000010011100000001000000001001101100110100000010010110100001
00010110101001100000100010000001100001100111000110001001000010101000000001011000101100000100001000001
01001000110011100001010100000010001000000010011000000011101010100110100101010001100000010101000101001
10101010001000000100100100110100100000010000101001011110010101010100000010101000000001000000010010100
01100000000111010000010010000001011000110001011100101010001010111000100010010000000100101001001001100
01010110001000100001111001100000001000010111001000000011010000000101110011101001001000100000001001001
01000000101100000101001000001000010010100000000010000110000000001101000000100110110001001111001000111
00010011000011000110000001000101100011010010010000001101111000000100110000001001000010101000000001011
01001001100000101111100001000100000011000010000100010000000011001100010100000001011101010100000001101
10101000011001010100101010011110011001110000001010011100110000110110110001000000010001000100101000110
01100001000100010010010000010110100111000000010001001010100001001111011001000000100001001100000111011
01000010100001101011000010000000010000000011000000101001000010100000000001010101110000000001010010010
00010001110011000000000010101110000001000001000011100001100010100001000000000010100000010001000011000
00010011011110110100011000001100100000000000000000001001100110000100000000000011000001100000010000001
01000000000110010010001011010010010001100010100000100010000010000111000101001011010100000000100000000
00010010001001000001101000000000000011110100001100011010001100001010000010110100011001100010010001000
10000100011000001100000111000010000000110110100101110100010000011101011101010000000000000101010010110
00101000000010001101000111000011010010000001011000001000001100000011100001000000100000000010010100110
00010001100100100000110001100100100011111001010100000010100011100010000010100001001100100000000001001
01101000001000000011001000000001111101011100010000000100010010000010100000010010000000001100000001000
00101001000011000000010011000101000110000000100101000000000010000100010010001000001100001010010010010
00001000000101110000100000101001000000000000000000001000001011000001010101100100000010010011000001000
00000100000000110000000001000011000100000000100001100010000001000001010111101101110000010001001001001
10000010101011010010100000001010001001000001010001101000110001110101000000001010110011000000011001011
10100000101000110010001100010110010111001000100110000001000000110000011010010010001010101010000010011
10010001000000100100100000000111010000001000000100000010010000011000101001110000001100111001100000111
00010010001111000010000100001001001010010011010010000000000000001101000001101101010000101101110111110
10010001100000000101001110010101100001110010000100100000010100010001000101001010100010001100001100100
01000100000000000101110010010011000000000100000010001000001000100000010000000011100101011001000111000
01100101100100011010001100001110010100000100001100010101110110011011010101100001001000100000010000111
01010000000100100001000000001100000100101001000000011001000010001000000000000000000101110011001000100
01001001000110001100001100000010001010010010010000101100000000011011101000011011100000100000011011000
00010000101110101110100000111000000010101100101000100011100000000000000000100000000110110010011101110
00010000100000100000000110110000001010010000011100101100001000110001110010001000000001101001000010110
00100001000010010101100100000000010110000100100111010110000000110000001001000000000000011000010001101
01100100011001100000100000000000110010000011000000110100101000001101000100100011001000100000110010000
